Best Epoch: 22
Score: 1.0530

{
  "accuracy": 0.5490196078431373,
  "f1": 0.5106382978723404,
  "auroc": 0.542319749216301,
  "threshold": 0.6499999999999999,
  "mean_variance": 0.0005791460280306637,
  "mean_entropy": 0.6057546138763428
}