Best Epoch: 26
Score: 0.9241

{
  "accuracy": 0.6078431372549019,
  "f1": 0.4444444444444444,
  "auroc": 0.4796238244514106,
  "threshold": 0.5499999999999999,
  "mean_variance": 9.823741856962442e-05,
  "mean_entropy": 0.6887266635894775
}