Best Epoch: 13
Score: 1.2544

{
  "accuracy": 0.6274509803921569,
  "f1": 0.6415094339622641,
  "auroc": 0.6128526645768024,
  "threshold": 0.6499999999999999,
  "mean_variance": 0.0007184924907051027,
  "mean_entropy": 0.6025818586349487
}