Best Epoch: 29
Score: 1.2158

{
  "accuracy": 0.6078431372549019,
  "f1": 0.6296296296296297,
  "auroc": 0.5862068965517241,
  "threshold": 0.5499999999999999,
  "mean_variance": 0.0004254913656041026,
  "mean_entropy": 0.6830174326896667
}