Best Epoch: 32
Score: 0.9291

{
  "accuracy": 0.5490196078431373,
  "f1": 0.46511627906976744,
  "auroc": 0.46394984326018807,
  "threshold": 0.5499999999999999,
  "mean_variance": 0.0001234947849297896,
  "mean_entropy": 0.6868787407875061
}