Best Epoch: 29
Score: 1.2685

{
  "accuracy": 0.6470588235294118,
  "f1": 0.6666666666666666,
  "auroc": 0.6018808777429466,
  "threshold": 0.5499999999999999,
  "mean_variance": 0.00043911440297961235,
  "mean_entropy": 0.6829533576965332
}