Best Epoch: 29
Score: 1.2403

{
  "accuracy": 0.6274509803921569,
  "f1": 0.6415094339622641,
  "auroc": 0.5987460815047022,
  "threshold": 0.5499999999999999,
  "mean_variance": 0.00043919996824115515,
  "mean_entropy": 0.6830283999443054
}